17 0.508301 0.573626 0.062500 0.126007
17 0.444336 0.560440 0.072266 0.126007
17 0.588623 0.536996 0.069824 0.083516
17 0.367920 0.298901 0.057129 0.080586
17 0.173096 0.378388 0.061035 0.101832
17 0.329346 0.458974 0.106934 0.145788
17 0.307617 0.600000 0.058594 0.080586
17 0.475830 0.721978 0.056152 0.079853
17 0.597900 0.751648 0.041504 0.065934
17 0.519043 0.389744 0.057617 0.087912
17 0.461670 0.428938 0.053223 0.071062
16 0.345947 0.640659 0.038574 0.065201
16 0.388428 0.662271 0.055176 0.061538
16 0.270996 0.700733 0.058594 0.069597
16 0.326416 0.737729 0.054199 0.084982
16 0.426270 0.803297 0.041016 0.081319
16 0.517578 0.715385 0.034180 0.060806
16 0.553955 0.705128 0.039551 0.068132
16 0.553711 0.761538 0.042969 0.049084
16 0.616455 0.615385 0.052246 0.076190
16 0.647217 0.354579 0.027832 0.051282
16 0.653564 0.550549 0.042480 0.044689
16 0.695801 0.553114 0.042969 0.067399
16 0.732422 0.534432 0.038086 0.059341
16 0.568848 0.199267 0.040039 0.068864
16 0.296631 0.330769 0.052246 0.071062
16 0.258545 0.371062 0.033691 0.075458
16 0.222412 0.595604 0.033691 0.057143
16 0.467285 0.186813 0.057617 0.071795
16 0.491699 0.251648 0.078125 0.062271
16 0.427002 0.268498 0.061035 0.066667
16 0.450684 0.319048 0.066406 0.081319
16 0.373535 0.206960 0.086914 0.119414
16 0.687744 0.743223 0.044434 0.046154
16 0.736084 0.755311 0.027832 0.036630
16 0.120117 0.368864 0.029297 0.040293
